agemoea_A: [2.00000000e+00 3.00000000e+00 1.27896063e+02 1.31232371e-02]
agemoea2_A: [2.00000000e+00 3.00000000e+00 1.27896063e+02 1.31232371e-02]
nsga2_A: [2.00000000e+00 3.00000000e+00 1.27896063e+02 1.31232371e-02]
nsga3_A: [2.00000000e+00 3.00000000e+00 1.29629221e+02 1.38980824e-02]
rnsga2_A: [2.00000000e+00 3.00000000e+00 1.39471808e+02 1.36451546e-02]
rnsga3_A: [4.00000000e+00 3.00000000e+00 1.29629221e+02 1.54928363e-02]
rvea_A: [1.00000000e+00 2.00000000e+00 1.27896063e+02 2.26656422e-02]
smsemoa_A: [2.00000000e+00 3.00000000e+00 1.27896063e+02 1.31232371e-02]
unsga3_A: [2.00000000e+00 3.00000000e+00 1.29629221e+02 1.54928363e-02]
ctaea_A: [2.00000000e+00 3.00000000e+00 1.27896063e+02 1.31232371e-02]
dnsga2_A: [0.00000000e+00 0.00000000e+00 1.27766139e+02 1.31232371e-02]
kgbdmoea_A: [0.00000000e+00 0.00000000e+00 1.28732801e+02 1.31232371e-02]
moead_A: [9.00000000e+00 2.00000000e+00 1.26668775e+02 2.83839002e-02]
agemoea_C: [6.00000000e+00 3.00000000e+00 4.66836859e+02 6.67422622e-03]
agemoea2_C: [8.00000000e+00 3.00000000e+00 4.56005398e+02 6.54823767e-03]
nsga2_C: [2.00000000e+00 3.00000000e+00 5.43548515e+02 5.09189002e-03]
nsga3_C: [2.70000000e+01 3.00000000e+00 4.88165703e+02 9.52115249e-03]
rnsga2_C: [2.00000000e+00 6.00000000e+00 6.59677781e+02 1.57251956e-02]
rnsga3_C: [2.30000000e+01 3.00000000e+00 5.09264890e+02 1.10292687e-02]
rvea_C: [2.00000000e+00 2.00000000e+00 4.73475347e+02 2.08776484e-02]
smsemoa_C: [6.00000000e+00 3.00000000e+00 4.80483912e+02 9.82080779e-03]
unsga3_C: [2.50000000e+01 3.00000000e+00 4.89936224e+02 9.36239059e-03]
ctaea_C: [1.60000000e+01 3.00000000e+00 4.64126099e+02 1.09087555e-02]
dnsga2_C: [0.00000000e+00 2.00000000e+00 6.26129782e+02 4.97834152e-03]
kgbdmoea_C: [0.00000000e+00 0.00000000e+00 5.95345729e+02 5.61976458e-03]
moead_C: [3.60000000e+01 2.00000000e+00 4.65796866e+02 2.58377819e-02]
