agemoea_A: [2.30000000e+01 4.00000000e+00 4.50692499e+02 3.46371762e-01]
agemoea2_A: [2.20000000e+01 5.00000000e+00 5.57443347e+02 3.46371762e-01]
nsga2_A: [2.30000000e+01 5.00000000e+00 4.88591987e+02 3.46371762e-01]
nsga3_A: [ 21.           4.         313.27311753   0.33659531]
rnsga2_A: [2.20000000e+01 1.40000000e+01 4.50573361e+02 3.37090156e-01]
rnsga3_A: [2.10000000e+01 4.00000000e+00 1.94867225e+02 1.53317824e-01]
rvea_A: [ 19.          12.         643.74684567   0.70517868]
smsemoa_A: [ 23.           6.         255.50604669   0.34058602]
unsga3_A: [2.10000000e+01 4.00000000e+00 4.40336884e+02 3.36576427e-01]
ctaea_A: [2.30000000e+01 1.30000000e+01 3.55851863e+02 3.36595313e-01]
dnsga2_A: [23.  7. inf inf]
kgbdmoea_A: [22.  5. inf inf]
moead_A: [1.80000000e+01 2.00000000e+00 1.43941311e+02 6.11978777e-02]
agemoea_C: [1.46000000e+02 3.30000000e+01 1.44604078e+03 1.83317570e-01]
agemoea2_C: [1.34000000e+02 1.20000000e+01 1.16714796e+03 1.36481317e-01]
nsga2_C: [1.79000000e+02 7.70000000e+01 2.35875017e+03 5.55727320e-01]
nsga3_C: [1.02000000e+02 1.80000000e+01 1.03037170e+03 4.02327388e-02]
rnsga2_C: [6.80000000e+01 4.70000000e+01 1.97496282e+03 5.59957995e-01]
rnsga3_C: [9.20000000e+01 5.00000000e+00 5.97970124e+02 4.55980427e-02]
rvea_C: [5.60000000e+01 3.30000000e+01 2.15893553e+03 5.55679965e-01]
smsemoa_C: [1.00000000e+02 1.10000000e+01 1.23716807e+03 1.85549651e-01]
unsga3_C: [9.90000000e+01 1.00000000e+01 9.18877515e+02 4.48337006e-02]
ctaea_C: [9.90000000e+01 4.00000000e+01 9.56751065e+02 7.44645256e-02]
dnsga2_C: [177.  67.  inf  inf]
kgbdmoea_C: [163.  72.  inf  inf]
moead_C: [4.50000000e+01 2.00000000e+00 4.79792713e+02 3.10466901e-02]
